100
1 3 11 12 2
2 5 11 12 13 1 3
3 5 12 13 14 2 4
4 5 13 14 15 3 5
5 5 14 15 16 4 6
6 5 15 16 17 5 7
7 5 16 17 18 6 8
8 5 17 18 19 7 9
9 5 18 19 20 8 10
10 3 19 20 9
11 5 1 2 21 22 12
12 8 1 2 3 21 22 23 11 13
13 8 2 3 4 22 23 24 12 14
14 8 3 4 5 23 24 25 13 15
15 8 4 5 6 24 25 26 14 16
16 8 5 6 7 25 26 27 15 17
17 8 6 7 8 26 27 28 16 18
18 8 7 8 9 27 28 29 17 19
19 8 8 9 10 28 29 30 18 20
20 5 9 10 29 30 19
21 5 11 12 31 32 22
22 8 11 12 13 31 32 33 21 23
23 8 12 13 14 32 33 34 22 24
24 8 13 14 15 33 34 35 23 25
25 8 14 15 16 34 35 36 24 26
26 8 15 16 17 35 36 37 25 27
27 8 16 17 18 36 37 38 26 28
28 8 17 18 19 37 38 39 27 29
29 8 18 19 20 38 39 40 28 30
30 5 19 20 39 40 29
31 5 21 22 41 42 32
32 8 21 22 23 41 42 43 31 33
33 8 22 23 24 42 43 44 32 34
34 8 23 24 25 43 44 45 33 35
35 8 24 25 26 44 45 46 34 36
36 8 25 26 27 45 46 47 35 37
37 8 26 27 28 46 47 48 36 38
38 8 27 28 29 47 48 49 37 39
39 8 28 29 30 48 49 50 38 40
40 5 29 30 49 50 39
41 5 31 32 51 52 42
42 8 31 32 33 51 52 53 41 43
43 8 32 33 34 52 53 54 42 44
44 8 33 34 35 53 54 55 43 45
45 8 34 35 36 54 55 56 44 46
46 8 35 36 37 55 56 57 45 47
47 8 36 37 38 56 57 58 46 48
48 8 37 38 39 57 58 59 47 49
49 8 38 39 40 58 59 60 48 50
50 5 39 40 59 60 49
51 5 41 42 61 62 52
52 8 41 42 43 61 62 63 51 53
53 8 42 43 44 62 63 64 52 54
54 8 43 44 45 63 64 65 53 55
55 8 44 45 46 64 65 66 54 56
56 8 45 46 47 65 66 67 55 57
57 8 46 47 48 66 67 68 56 58
58 8 47 48 49 67 68 69 57 59
59 8 48 49 50 68 69 70 58 60
60 5 49 50 69 70 59
61 5 51 52 71 72 62
62 8 51 52 53 71 72 73 61 63
63 8 52 53 54 72 73 74 62 64
64 8 53 54 55 73 74 75 63 65
65 8 54 55 56 74 75 76 64 66
66 8 55 56 57 75 76 77 65 67
67 8 56 57 58 76 77 78 66 68
68 8 57 58 59 77 78 79 67 69
69 8 58 59 60 78 79 80 68 70
70 5 59 60 79 80 69
71 5 61 62 81 82 72
72 8 61 62 63 81 82 83 71 73
73 8 62 63 64 82 83 84 72 74
74 8 63 64 65 83 84 85 73 75
75 8 64 65 66 84 85 86 74 76
76 8 65 66 67 85 86 87 75 77
77 8 66 67 68 86 87 88 76 78
78 8 67 68 69 87 88 89 77 79
79 8 68 69 70 88 89 90 78 80
80 5 69 70 89 90 79
81 5 71 72 91 92 82
82 8 71 72 73 91 92 93 81 83
83 8 72 73 74 92 93 94 82 84
84 8 73 74 75 93 94 95 83 85
85 8 74 75 76 94 95 96 84 86
86 8 75 76 77 95 96 97 85 87
87 8 76 77 78 96 97 98 86 88
88 8 77 78 79 97 98 99 87 89
89 8 78 79 80 98 99 100 88 90
90 5 79 80 99 100 89
91 3 81 82 92
92 5 81 82 83 91 93
93 5 82 83 84 92 94
94 5 83 84 85 93 95
95 5 84 85 86 94 96
96 5 85 86 87 95 97
97 5 86 87 88 96 98
98 5 87 88 89 97 99
99 5 88 89 90 98 100
100 3 89 90 99
